0.19411764705882353
0.2717647058823529
0.3235294117647059
0.3752941176470588
0.4011764705882353
0.4788235294117647
0.5047058823529411
0.5694117647058823
0.608235294117647
0.6599999999999999
0.711764705882353
0.7376470588235294
0.7894117647058823
0.8152941176470587
0.8670588235294118
0.9188235294117646
0.9705882352941176
1.0094117647058822
1.0482352941176472
1.0870588235294116
1.1258823529411763
1.1647058823529413
1.1905882352941175
1.2294117647058824
1.2811764705882351
1.3070588235294116
1.332941176470588
1.384705882352941
1.4105882352941177
1.436470588235294
1.4623529411764704
1.488235294117647
1.54
1.5529411764705883
1.5917647058823527
1.6047058823529412
1.6435294117647057
1.6435294117647057
1.6952941176470586
1.7470588235294118
1.772941176470588
1.811764705882353
1.8505882352941176
1.8764705882352941
1.9023529411764704
1.9411764705882353
1.9670588235294115
2.0058823529411764
2.031764705882353
2.057647058823529
2.057647058823529
2.1094117647058823
2.135294117647059
2.1611764705882353
2.1870588235294113
2.212941176470588
2.2388235294117647
2.264705882352941
2.2905882352941176
2.316470588235294
2.3294117647058825
2.355294117647059
2.368235294117647
2.3941176470588235
2.42
2.432941176470588
2.4458823529411764
2.458823529411765
2.471764705882353
2.4976470588235293
2.523529411764706
2.549411764705882
2.5623529411764703
2.5752941176470587
2.588235294117647
2.601176470588235
2.6270588235294117
2.6270588235294117
2.6399999999999997
2.6399999999999997
2.652941176470588
2.665882352941176
2.665882352941176
2.665882352941176
2.678823529411764
2.678823529411764
2.678823529411764
2.678823529411764
2.678823529411764
2.678823529411764
2.678823529411764
2.678823529411764
2.691764705882353
2.691764705882353
2.704705882352941
2.704705882352941
2.704705882352941
2.7176470588235295
2.691764705882353
2.665882352941176
2.6399999999999997
2.6270588235294117
2.601176470588235
2.588235294117647
2.5752941176470587
2.5623529411764703
2.549411764705882
2.536470588235294
2.536470588235294
2.523529411764706
2.523529411764706
2.5105882352941173
2.5105882352941173
2.4976470588235293
2.4976470588235293
2.4976470588235293
2.4976470588235293
2.484705882352941
